  n  deg(a,b)  deg(Pa,Pb)               cut asym     a_max cut-is-peak
  4    (2, 2)      (1, 1)             [0.0, 0.0] 0.00000 True
  8    (2, 3)      (1, 2)             [0.0, 0.0] 0.06576 False
  8    (3, 3)      (2, 2)             [0.0, 0.0] 0.07430 False
 12    (2, 3)      (1, 2)             [0.0, 0.0] 0.06544 False
 12    (2, 3)      (1, 2)             [0.0, 0.0] 0.06043 False
 12    (3, 3)      (2, 2)             [0.0, 0.0] 0.07436 False
 12    (3, 3)      (2, 2)             [0.0, 0.0] 0.06830 False
 16    (2, 3)      (1, 2)             [0.0, 0.0] 0.06544 False
 16    (2, 3)      (1, 2)             [0.0, 0.0] 0.06543 False
 16    (2, 3)      (1, 2)             [0.0, 0.0] 0.06043 False
 16    (2, 3)      (1, 2)             [0.0, 0.0] 0.06016 False
 16    (2, 3)      (1, 2)             [0.0, 0.0] 0.06017 False
 16    (2, 4)      (1, 3)             [0.0, 0.0] 0.06280 False
 16    (3, 3)      (2, 2)             [0.0, 0.0] 0.07436 False
 16    (3, 3)      (2, 2)             [0.0, 0.0] 0.06798 False
 16    (3, 3)      (2, 2)             [0.0, 0.0] 0.06836 False
 16    (3, 4)      (2, 3)             [0.0, 0.0] 0.07714 False
 16    (3, 4)      (2, 3)             [0.0, 0.0] 0.07721 False
 16    (4, 3)      (3, 2)             [0.0, 0.0] 0.07053 False
 16    (4, 4)      (3, 3)             [0.0, 0.0] 0.07309 False
 20    (2, 3)      (1, 2)             [0.0, 0.0] 0.06544 False
 20    (2, 3)      (1, 2)             [0.0, 0.0] 0.06544 False
 20    (2, 3)      (1, 2)             [0.0, 0.0] 0.06543 False
 20    (2, 3)      (1, 2)             [0.0, 0.0] 0.06043 False
 20    (2, 3)      (1, 2)             [0.0, 0.0] 0.06543 False
 20    (2, 3)      (1, 2)             [0.0, 0.0] 0.06043 False
 20    (2, 3)      (1, 2)             [0.0, 0.0] 0.06543 False
 20    (2, 3)      (1, 2)             [0.0, 0.0] 0.06511 False
 20    (2, 3)      (1, 2)             [0.0, 0.0] 0.06016 False
 20    (2, 3)      (1, 2)             [0.0, 0.0] 0.06510 False
 20    (2, 3)      (1, 2)             [0.0, 0.0] 0.06015 False
 20    (2, 3)      (1, 2)             [0.0, 0.0] 0.06017 False
 20    (2, 3)      (1, 2)             [0.0, 0.0] 0.06015 False
 20    (2, 3)      (1, 2)             [0.0, 0.0] 0.06017 False
 20    (2, 3)      (1, 2)             [0.0, 0.0] 0.05582 False
 20    (2, 3)      (1, 2)             [0.0, 0.0] 0.05990 False
 20    (2, 3)      (1, 2)             [0.0, 0.0] 0.05559 False
 20    (2, 4)      (1, 3)             [0.0, 0.0] 0.06303 False
 20    (2, 4)      (1, 3)             [0.0, 0.0] 0.06280 False
 20    (2, 4)      (1, 3)             [0.0, 0.0] 0.06279 False
 20    (3, 3)      (2, 2)             [0.0, 0.0] 0.07436 False
 20    (3, 3)      (2, 2)             [0.0, 0.0] 0.07436 False
 20    (3, 3)      (2, 2)             [0.0, 0.0] 0.07436 False
 20    (3, 3)      (2, 2)             [0.0, 0.0] 0.06830 False
 20    (3, 3)      (2, 2)             [0.0, 0.0] 0.07436 False
 20    (3, 3)      (2, 2)             [0.0, 0.0] 0.06830 False
 20    (3, 3)      (2, 2)             [0.0, 0.0] 0.07436 False
 20    (3, 3)      (2, 2)             [0.0, 0.0] 0.07442 False
 20    (3, 3)      (2, 2)             [0.0, 0.0] 0.06836 False
 20    (3, 3)      (2, 2)             [0.0, 0.0] 0.06798 False
 20    (3, 3)      (2, 2)             [0.0, 0.0] 0.06798 False
 20    (3, 3)      (2, 2)             [0.0, 0.0] 0.07442 False
 20    (3, 3)      (2, 2)             [0.0, 0.0] 0.06836 False
 20    (3, 3)      (2, 2)             [0.0, 0.0] 0.06798 False
 20    (3, 3)      (2, 2)             [0.0, 0.0] 0.06803 False
 20    (3, 3)      (2, 2)             [0.0, 0.0] 0.06281 False
 20    (3, 3)      (2, 2)             [0.0, 0.0] 0.06836 False
 20    (3, 4)      (2, 3)             [0.0, 0.0] 0.07714 False
 20    (3, 4)      (2, 3)             [0.0, 0.0] 0.07721 False
 20    (3, 4)      (2, 3)             [0.0, 0.0] 0.07721 False
 20    (3, 4)      (2, 3)             [0.0, 0.0] 0.07720 False
 20    (3, 4)      (2, 3)             [0.0, 0.0] 0.07092 False
 20    (3, 4)      (2, 3)             [0.0, 0.0] 0.07059 False
 20    (3, 4)      (2, 3)             [0.0, 0.0] 0.07727 False
 20    (3, 4)      (2, 3)             [0.0, 0.0] 0.07097 False
 20    (4, 3)      (3, 2)             [0.0, 0.0] 0.07053 False
 20    (4, 4)      (3, 3)             [0.0, 0.0] 0.07314 False

a_max grouped by (n, defect degree pair):
   (4, (2, 2)) : [0.0] (count 1)
   (8, (2, 3)) : [0.065757] (count 1)
   (8, (3, 3)) : [0.074299] (count 1)
   (12, (2, 3)) : [0.060435, 0.065441] (count 2)
   (12, (3, 3)) : [0.068302, 0.074359] (count 2)
   (16, (2, 3)) : [0.060159, 0.060172, 0.060428, 0.065433, 0.065441] (count 5)
   (16, (2, 4)) : [0.062801] (count 1)
   (16, (3, 3)) : [0.067983, 0.068359, 0.07436] (count 3)
   (16, (3, 4)) : [0.077144, 0.077206] (count 2)
   (16, (4, 3)) : [0.07053] (count 1)
   (16, (4, 4)) : [0.073089] (count 1)
   (20, (2, 3)) : [0.055592, 0.055818, 0.059899, 0.060152, 0.060153, 0.060159, 0.060165, 0.060166, 0.060428, 0.065105, 0.065113, 0.065433, 0.065441] (count 17)
   (20, (2, 4)) : [0.062795, 0.062801, 0.063025] (count 3)
   (20, (3, 3)) : [0.062814, 0.067975, 0.067983, 0.067984, 0.068031, 0.068303, 0.068359, 0.06836, 0.074359, 0.07436, 0.074422, 0.074423] (count 17)
   (20, (3, 4)) : [0.070586, 0.070916, 0.070973, 0.077144, 0.077205, 0.077206, 0.077207, 0.077267] (count 8)
   (20, (4, 3)) : [0.07053] (count 1)
   (20, (4, 4)) : [0.073144] (count 1)
DONE
